1251			
6.2	6.22	6.24	6.2
6.21	6.2	6.23	6.18
6.25	6.2	6.29	6.2
6.23	6.26	6.32	6.2
6.29	6.29	6.36	6.28
6.31	6.26	6.38	6.26
6.29	6.32	6.34	6.26
6.29	6.35	6.36	6.26
6.33	6.27	6.37	6.26
6.3	6.3	6.37	6.3
6.33	6.27	6.35	6.27
6.47	6.47	6.57	6.41
6.44	6.6	6.61	6.44
6.65	6.67	6.69	6.64
6.78	6.81	6.84	6.74
6.82	6.85	6.87	6.73
6.99	6.94	6.99	6.9
6.96	6.9	6.98	6.9
6.93	6.96	7	6.92
6.99	6.91	6.99	6.88
6.91	6.9	6.95	6.9
6.91	6.9	6.94	6.89
6.96	7.01	7.03	6.91
7.01	6.96	7.01	6.96
7.06	7.14	7.16	7.03
7.16	7.2	7.21	7.15
7.18	6.88	7.19	6.87
6.91	6.98	7.07	6.9
6.93	6.83	6.93	6.8
6.87	6.89	6.91	6.85
6.92	6.93	6.96	6.9
6.99	6.97	7	6.97
7.01	6.99	7.04	6.98
6.96	6.96	6.99	6.93
6.92	6.9	6.93	6.88
6.88	6.95	6.96	6.85
6.9	6.8	6.9	6.8
6.73	6.79	6.82	6.73
6.82	6.78	6.82	6.74
6.86	6.8	6.87	6.79
6.8	6.84	6.85	6.77
6.81	6.81	6.87	6.8
6.94	6.95	6.99	6.91
6.95	7.04	7.04	6.95
7.02	7.01	7.05	6.99
7.07	7.05	7.09	7.01
7.05	7.03	7.05	6.97
7	6.98	7.03	6.96
6.97	7	7.01	6.93
7	7.05	7.06	6.95
7.06	7	7.09	6.98
6.95	6.95	6.97	6.87
6.89	6.97	7.01	6.89
7.08	7.15	7.15	7.06
7.12	7.1	7.15	7.07
7.12	7.07	7.16	7
7.08	7	7.16	6.99
6.99	7.03	7.03	6.88
6.98	7.07	7.08	6.94
7.07	7.13	7.17	7.01
7.09	7.14	7.17	7.08
7.14	6.96	7.15	6.94
6.94	6.89	6.94	6.85
6.94	6.93	6.97	6.86
6.89	6.94	7	6.85
6.85	6.94	6.94	6.84
6.9	6.88	6.94	6.87
6.8	6.92	6.94	6.8
6.98	7.02	7.02	6.94
6.99	6.93	7	6.91
6.94	6.95	6.96	6.89
6.95	6.95	6.97	6.86
6.91	6.85	6.93	6.79
6.95	7.05	7.06	6.93
7	7.1	7.1	6.96
7.01	6.98	7.05	6.95
6.94	6.93	6.94	6.86
6.92	6.83	6.92	6.82
6.88	6.87	6.92	6.85
6.82	6.75	6.83	6.71
6.7	6.71	6.71	6.65
6.67	6.66	6.7	6.61
6.65	6.69	6.72	6.62
6.69	6.63	6.69	6.62
6.63	6.64	6.66	6.6
6.56	6.54	6.61	6.49
6.57	6.55	6.58	6.53
6.6	6.55	6.61	6.51
6.49	6.53	6.56	6.45
6.58	6.63	6.63	6.54
6.57	6.52	6.58	6.47
6.57	6.54	6.62	6.51
6.42	6.42	6.45	6.37
6.42	6.47	6.52	6.41
6.41	6.24	6.43	6.24
6.29	6.25	6.3	6.22
6.27	6.43	6.44	6.24
6.46	6.41	6.47	6.4
6.36	6.4	6.42	6.35
6.33	6.38	6.42	6.31
6.35	6.25	6.41	6.24
6.36	6.28	6.36	6.23
6.34	6.34	6.41	6.26
6.39	6.36	6.42	6.36
6.39	6.42	6.5	6.35
6.45	6.43	6.49	6.43
6.44	6.46	6.49	6.43
6.56	6.62	6.64	6.55
6.53	6.45	6.55	6.45
6.39	6.35	6.42	6.34
6.39	6.4	6.42	6.33
6.49	6.5	6.56	6.47
6.52	6.51	6.56	6.43
6.71	6.65	6.71	6.65
6.8	6.8	6.82	6.75
6.82	6.85	6.88	6.8
6.67	6.62	6.68	6.58
6.64	6.76	6.78	6.6
6.69	6.65	6.69	6.6
6.61	6.62	6.64	6.55
6.6	6.54	6.65	6.49
6.48	6.44	6.49	6.41
6.48	6.53	6.53	6.42
6.5	6.39	6.5	6.36
6.48	6.45	6.5	6.42
6.56	6.56	6.6	6.48
6.53	6.48	6.53	6.44
6.5	6.48	6.5	6.38
6.42	6.5	6.5	6.35
6.44	6.23	6.44	6.23
6.42	6.39	6.47	6.37
6.43	6.53	6.56	6.37
6.59	6.65	6.65	6.58
6.53	6.57	6.65	6.48
6.54	6.5	6.56	6.47
6.49	6.45	6.52	6.4
6.58	6.45	6.62	6.4
6.31	6.28	6.35	6.27
6.22	6.19	6.25	6.18
6.2	6.17	6.29	6.1
6.17	6.26	6.27	6.11
6.17	6.22	6.24	6.12
6.2	6.13	6.2	6.1
6.22	6.21	6.35	6.13
6.2	6.38	6.38	6.16
6.35	6.25	6.42	6.22
6.2	6.04	6.28	6.03
6.08	6.1	6.16	6.02
6.09	6.07	6.18	6.04
6.07	6.21	6.21	6.06
6.21	6.12	6.24	6.1
6.09	6.05	6.15	6.03
6.28	6.36	6.4	6.27
6.3	6.25	6.34	6.22
6.27	6.47	6.47	6.26
6.38	6.4	6.46	6.36
6.45	6.54	6.55	6.4
6.61	6.55	6.67	6.55
6.62	6.78	6.86	6.6
6.84	6.85	6.88	6.78
6.79	6.88	6.88	6.76
6.85	6.75	6.95	6.75
6.78	6.8	6.84	6.76
6.9	6.79	6.95	6.72
6.69	6.67	6.75	6.63
6.65	6.58	6.7	6.54
6.54	6.49	6.58	6.44
6.51	6.59	6.59	6.48
6.61	6.63	6.64	6.57
6.56	6.5	6.56	6.46
6.35	6.47	6.47	6.33
6.47	6.54	6.6	6.46
6.56	6.67	6.68	6.5
6.67	6.66	6.74	6.58
6.7	6.72	6.79	6.66
6.79	6.89	6.95	6.78
6.97	6.88	7	6.85
6.93	6.9	6.98	6.9
6.95	6.9	6.98	6.89
7	7.15	7.15	6.96
7.09	7.07	7.1	7
7.11	7.18	7.2	7.04
7.11	7	7.13	6.97
6.91	6.86	6.99	6.85
6.93	6.97	6.97	6.85
6.94	6.88	6.96	6.81
6.89	6.84	6.89	6.83
6.84	6.76	6.89	6.76
6.79	6.83	6.85	6.71
6.75	6.66	6.87	6.66
6.79	6.91	6.92	6.75
6.91	6.97	6.97	6.85
6.93	6.87	6.97	6.87
7.02	7.08	7.11	7
7.09	7	7.14	6.97
7.03	7.1	7.1	6.97
7.06	7	7.07	6.96
6.98	7	7.05	6.93
6.95	6.9	6.97	6.84
6.93	7	7.05	6.86
7.07	7.17	7.22	7.02
7.11	7.06	7.14	7.02
7.12	7.05	7.18	7.05
7.11	7.16	7.18	7.05
7.15	7.25	7.26	7.05
7.19	7.29	7.29	7.15
7.14	6.94	7.2	6.93
6.92	6.89	7.04	6.83
6.86	6.69	6.94	6.61
6.7	6.83	6.84	6.7
6.78	6.85	6.92	6.77
6.79	6.87	6.89	6.77
6.92	6.92	7	6.85
6.95	7.03	7.05	6.92
6.95	6.83	7.05	6.82
6.85	6.78	6.87	6.77
6.99	6.96	7.05	6.95
6.94	6.9	7.03	6.88
7.15	7.13	7.28	7.06
7.12	7.05	7.21	7.03
7.05	7.1	7.19	7.03
7.11	7.06	7.15	6.95
7.25	7.01	7.26	7.01
7.08	7.14	7.14	7
7.12	7.32	7.34	7.11
7.3	7.3	7.36	7.2
7.31	7.3	7.44	7.28
7.38	7.39	7.42	7.33
7.42	7.58	7.63	7.38
7.53	7.56	7.63	7.45
7.55	7.53	7.7	7.5
7.79	7.85	7.88	7.79
7.87	7.9	7.94	7.85
7.96	8.01	8.04	7.95
8.06	8.02	8.13	8
8.06	8.09	8.1	8.02
8.08	8.25	8.25	8.05
8.25	8.23	8.28	8.17
8.14	8.18	8.2	8.11
8.15	8.15	8.17	8.06
8.15	8.06	8.16	8.01
7.96	7.95	7.98	7.9
7.92	7.85	7.92	7.81
7.82	7.87	7.92	7.8
7.98	8.05	8.07	7.95
8.09	8.14	8.14	8.05
8.08	8.08	8.17	8.08
8.08	8.09	8.11	8.03
8.05	8.22	8.22	8.05
8.18	8.21	8.32	8.18
8.17	8.15	8.22	8.1
8.16	8.38	8.38	8.16
8.3	8.19	8.33	8.16
8.27	8.43	8.5	8.26
8.35	8.29	8.35	8.26
8.2	8.18	8.24	8.15
8.1	8.13	8.17	8.05
8.09	8.04	8.1	8.02
8.07	8	8.11	7.97
7.98	7.99	8.03	7.92
7.99	8.03	8.06	7.97
8.08	8.11	8.14	8.02
8.23	8.32	8.33	8.14
8.32	8.15	8.33	8.14
8.08	8.15	8.15	8
8.03	8.15	8.17	8
8.1	8.2	8.2	8.04
8.22	8.1	8.25	8.03
8.04	8.03	8.12	7.99
8.06	8.18	8.18	8.02
8.18	8.04	8.18	8
7.98	8.08	8.08	7.88
7.89	7.93	8.04	7.85
7.98	8.17	8.18	7.91
8.17	8.23	8.24	8.05
8.12	8.22	8.22	8.03
8.13	8.18	8.25	8.11
8.16	7.92	8.22	7.92
7.99	8.06	8.09	7.9
7.93	7.9	7.99	7.85
7.81	8.12	8.16	7.81
8.12	8.05	8.14	7.97
8.06	8.1	8.17	7.96
8.04	8.2	8.32	8.04
8.26	8.35	8.35	8.2
8.19	8.09	8.19	7.95
8.09	7.91	8.09	7.9
8.27	8.47	8.55	8.24
8.41	8.5	8.6	8.36
8.42	8.5	8.5	8.35
8.51	8.5	8.58	8.44
8.5	8.43	8.5	8.41
8.49	8.41	8.52	8.35
8.48	8.5	8.5	8.35
8.59	8.5	8.72	8.46
8.5	8.4	8.51	8.32
8.2	8.19	8.22	8.11
8.1	8.2	8.2	8.05
8.02	7.98	8.25	7.97
8.02	7.93	8.06	7.83
7.78	7.95	7.98	7.75
8	8.08	8.1	7.94
8.22	8.07	8.28	8.01
8.15	8.25	8.32	8.06
8.38	8.61	8.61	8.31
8.47	8.54	8.62	8.41
8.44	8.48	8.55	8.4
8.39	8.48	8.49	8.36
8.56	8.42	8.6	8.36
8.33	8.5	8.51	8.25
8.48	8.3	8.49	8.24
8.1	7.85	8.19	7.81
7.75	7.89	7.99	7.75
7.71	7.8	7.86	7.62
7.72	7.76	7.87	7.6
8.08	8.23	8.23	7.94
8.1	8.69	8.7	8.1
8.32	8.61	8.79	8.32
9.01	8.6	9.09	8.6
8.95	8.85	8.99	8.72
8.93	9.11	9.24	8.92
9.02	8.86	9.06	8.67
8.86	9	9.06	8.8
9.12	9.15	9.39	8.96
9.05	8.64	9.08	8.62
8.57	8.74	8.74	8.51
8.73	8.78	8.79	8.62
8.77	8.33	8.8	8.33
8.4	8.4	8.48	8.31
8.48	8.44	8.48	8.34
8.42	8.3	8.44	8.23
8.19	8.1	8.2	8.04
8.13	7.87	8.13	7.84
7.84	7.82	7.95	7.74
7.78	7.75	7.78	7.69
7.67	7.62	7.67	7.59
7.65	7.55	7.71	7.53
7.59	7.59	7.62	7.54
7.58	7.61	7.64	7.52
7.61	7.6	7.63	7.55
7.57	7.47	7.62	7.46
7.41	7.44	7.47	7.4
7.42	7.25	7.46	7.24
7.2	7.19	7.21	7.14
7.17	7.15	7.19	7.14
7.11	7.1	7.19	7.08
7.05	7.05	7.05	7.01
7.04	7	7.04	6.95
7	6.98	7.03	6.98
7.01	7	7.02	6.98
6.98	6.88	7.02	6.87
6.9	6.96	6.96	6.86
6.96	6.97	7.03	6.93
6.93	6.68	6.97	6.66
6.64	6.67	6.72	6.64
6.69	6.65	6.73	6.65
6.65	6.69	6.71	6.61
6.65	6.65	6.75	6.64
6.64	6.77	6.8	6.64
6.78	6.8	6.84	6.78
6.81	6.78	6.87	6.77
6.81	6.78	6.91	6.78
6.81	6.85	6.87	6.8
6.88	6.95	6.95	6.86
6.9	6.92	6.95	6.85
6.95	7.03	7.04	6.91
7.01	7	7.02	6.93
6.9	7.05	7.07	6.88
7.01	7	7.08	6.99
6.9	6.77	6.9	6.76
6.73	6.8	6.86	6.73
6.81	6.75	6.93	6.74
6.69	6.7	6.74	6.68
6.68	6.73	6.73	6.68
6.75	6.8	6.83	6.75
6.79	6.81	6.87	6.79
6.83	6.88	6.94	6.83
6.88	6.83	6.92	6.81
6.8	6.8	6.84	6.79
6.81	6.78	6.84	6.78
6.78	6.83	6.83	6.72
6.85	6.9	6.91	6.85
6.88	6.98	6.99	6.88
6.95	7.01	7.04	6.92
6.96	6.88	7.01	6.85
6.93	7.1	7.12	6.91
6.99	6.91	7.07	6.88
6.77	6.81	6.84	6.77
6.84	6.86	6.91	6.81
6.81	6.8	6.9	6.8
6.85	6.94	6.98	6.84
6.93	6.88	6.95	6.86
6.78	6.98	7	6.77
6.97	7.04	7.05	6.96
7.03	7.1	7.1	7.01
7.04	7.05	7.1	7
6.96	6.99	7.03	6.95
6.97	6.91	6.98	6.86
6.9	6.98	6.99	6.88
6.88	6.83	6.9	6.81
6.84	6.89	6.99	6.84
6.88	6.97	6.99	6.87
6.88	6.92	7.07	6.85
6.86	6.59	6.92	6.59
6.48	6.5	6.53	6.45
6.46	6.53	6.56	6.46
6.53	6.49	6.56	6.49
6.51	6.5	6.55	6.5
6.51	6.6	6.6	6.51
6.62	6.62	6.66	6.6
6.67	6.66	6.72	6.63
6.68	6.68	6.7	6.66
6.67	6.7	6.73	6.66
6.69	6.7	6.7	6.67
6.63	6.62	6.69	6.55
6.65	6.68	6.73	6.64
6.72	6.73	6.77	6.7
6.79	6.81	6.83	6.75
6.8	6.78	6.84	6.76
6.73	6.71	6.78	6.71
6.73	6.78	6.79	6.69
6.72	6.74	6.75	6.67
6.79	6.76	6.84	6.72
6.74	6.78	6.8	6.7
6.81	6.83	6.92	6.8
6.86	6.9	6.92	6.8
7.02	7.05	7.1	6.99
6.98	6.93	7.03	6.91
7	6.99	7.1	6.97
6.97	6.7	6.99	6.7
6.74	6.75	6.75	6.68
6.62	6.6	6.67	6.57
6.53	6.52	6.59	6.51
6.51	6.54	6.58	6.51
6.62	6.68	6.72	6.58
6.66	6.57	6.68	6.56
6.52	6.49	6.69	6.47
6.45	6.4	6.47	6.37
6.34	6.35	6.42	6.32
6.44	6.61	6.61	6.41
6.56	6.65	6.66	6.53
6.65	6.67	6.68	6.6
6.65	6.65	6.7	6.64
6.6	6.63	6.65	6.6
6.59	6.56	6.62	6.54
6.56	6.6	6.65	6.56
6.57	6.51	6.6	6.51
6.5	6.5	6.53	6.48
6.47	6.45	6.5	6.42
6.51	6.55	6.58	6.51
6.52	6.48	6.54	6.42
6.43	6.42	6.48	6.39
6.41	6.36	6.43	6.35
6.35	6.4	6.4	6.33
6.38	6.45	6.45	6.37
6.4	6.38	6.43	6.37
6.39	6.41	6.44	6.32
6.41	6.47	6.48	6.37
6.4	6.41	6.41	6.36
6.39	6.47	6.48	6.36
6.34	6.22	6.37	6.22
6.18	6	6.2	5.98
5.94	5.96	6.01	5.91
5.93	5.97	5.98	5.92
5.98	6.02	6.05	5.97
6.02	5.99	6.04	5.93
5.99	6.08	6.09	5.97
6.08	6.03	6.09	6.03
6.05	6.02	6.06	6
6.08	6.12	6.12	6.06
6.06	6.1	6.11	6.05
6.12	6.18	6.19	6.1
6.17	6.15	6.18	6.12
6.11	6.16	6.17	6.1
6.12	6.11	6.21	6.1
6.42	6.43	6.48	6.4
6.46	6.5	6.52	6.43
6.46	6.42	6.49	6.4
6.39	6.34	6.4	6.34
6.34	6.41	6.43	6.34
6.45	6.44	6.46	6.36
6.41	6.41	6.44	6.38
6.37	6.43	6.48	6.36
6.46	6.47	6.5	6.43
6.5	6.48	6.54	6.47
6.48	6.63	6.63	6.46
6.58	6.57	6.61	6.52
6.56	6.69	6.71	6.54
6.6	6.58	6.65	6.56
6.53	6.47	6.55	6.44
6.44	6.47	6.54	6.43
6.49	6.47	6.5	6.43
6.46	6.45	6.52	6.42
6.42	6.33	6.47	6.32
6.3	6.32	6.34	6.26
6.32	6.31	6.35	6.3
6.33	6.36	6.36	6.29
6.32	6.33	6.36	6.3
6.33	6.36	6.36	6.31
6.38	6.42	6.44	6.36
6.44	6.47	6.48	6.39
6.48	6.41	6.48	6.4
6.37	6.35	6.4	6.32
6.36	6.37	6.4	6.33
6.34	6.3	6.39	6.3
6.27	6.22	6.28	6.13
6.21	6.23	6.24	6.18
6.16	6.25	6.26	6.15
6.27	6.28	6.3	6.2
6.3	6.36	6.37	6.25
6.32	6.32	6.36	6.29
6.34	6.34	6.36	6.24
6.37	6.39	6.41	6.34
6.35	6.25	6.39	6.23
6.23	6.22	6.25	6.17
6.18	6.19	6.22	6.15
6.16	6.08	6.16	6.08
6.1	6.14	6.15	6.08
6.14	6.26	6.3	6.13
6.26	6.21	6.3	6.19
6.23	6.17	6.25	6.14
6.2	6.3	6.3	6.16
6.27	6.22	6.29	6.21
6.23	6.23	6.24	6.14
6.24	6.34	6.35	6.22
6.35	6.35	6.35	6.23
6.32	6.3	6.33	6.27
6.25	6.34	6.38	6.25
6.33	6.45	6.45	6.31
6.41	6.4	6.47	6.37
6.38	6.37	6.39	6.34
6.33	6.34	6.42	6.32
6.39	6.41	6.43	6.35
6.4	6.42	6.46	6.36
6.36	6.41	6.44	6.34
6.5	6.46	6.55	6.44
6.45	6.41	6.45	6.37
6.44	6.44	6.45	6.37
6.42	6.4	6.42	6.31
6.3	6.31	6.35	6.26
6.35	6.29	6.39	6.27
6.25	6.1	6.29	6.05
6.05	6.09	6.14	6.01
6.06	6.15	6.16	6.06
6.19	6.14	6.24	6.12
6.18	6.15	6.21	6.15
6.17	6.15	6.23	6.15
6.15	6.22	6.25	6.15
6.26	6.42	6.43	6.25
6.34	6.43	6.43	6.3
6.39	6.38	6.44	6.36
6.36	6.43	6.45	6.32
6.41	6.44	6.47	6.39
6.46	6.43	6.47	6.39
6.45	6.36	6.45	6.33
6.3	6.37	6.38	6.28
6.35	6.35	6.45	6.32
6.35	6.42	6.43	6.29
6.45	6.39	6.45	6.33
6.27	6.01	6.27	6.01
5.97	5.97	6	5.91
5.95	5.92	5.97	5.91
5.91	5.95	5.97	5.91
5.92	5.89	5.95	5.85
5.85	5.81	5.89	5.72
5.8	5.78	5.83	5.78
5.8	5.81	5.83	5.76
5.76	5.78	5.81	5.72
5.77	5.81	5.85	5.75
5.8	5.8	5.8	5.74
5.8	5.81	5.83	5.79
5.84	5.76	5.86	5.73
5.72	5.76	5.76	5.69
5.73	5.82	5.82	5.72
5.8	5.82	5.86	5.79
5.79	5.83	5.84	5.77
5.85	5.84	5.85	5.79
5.85	5.82	5.87	5.81
5.79	5.82	5.83	5.78
5.8	5.86	5.87	5.77
5.87	5.94	5.94	5.87
5.91	5.94	5.95	5.87
5.94	5.93	5.94	5.89
5.9	5.83	5.9	5.8
5.83	5.83	5.86	5.77
5.83	5.85	5.87	5.79
5.85	5.83	5.89	5.81
5.83	5.86	5.9	5.81
5.86	5.91	5.94	5.85
5.97	5.85	5.98	5.81
5.89	5.8	5.89	5.75
5.89	5.6	5.91	5.53
5.62	5.44	5.64	5.42
5.45	5.49	5.51	5.45
5.52	5.51	5.57	5.5
5.47	5.5	5.54	5.47
5.52	5.54	5.57	5.5
5.55	5.52	5.63	5.52
5.55	5.65	5.67	5.53
5.72	5.77	5.79	5.72
5.76	5.78	5.79	5.74
5.8	5.88	5.92	5.77
5.88	5.87	5.9	5.85
5.89	5.9	5.93	5.87
5.84	5.84	5.86	5.78
5.83	5.85	5.87	5.79
5.79	5.75	5.82	5.74
5.8	5.8	5.82	5.72
5.85	5.83	5.91	5.81
5.78	5.87	5.9	5.78
5.83	5.79	5.87	5.79
5.82	5.76	5.87	5.76
5.75	5.68	5.77	5.67
5.69	5.68	5.71	5.61
5.7	5.67	5.77	5.65
5.62	5.5	5.66	5.5
5.5	5.5	5.54	5.44
5.48	5.44	5.51	5.43
5.45	5.45	5.53	5.43
5.46	5.53	5.56	5.46
5.53	5.51	5.57	5.49
5.46	5.48	5.52	5.45
5.52	5.55	5.58	5.5
5.62	5.62	5.7	5.59
5.52	5.78	5.78	5.42
5.72	5.74	5.75	5.67
5.68	5.61	5.69	5.6
5.6	5.58	5.66	5.57
5.6	5.59	5.68	5.58
5.64	5.71	5.73	5.63
5.78	5.74	5.8	5.71
5.68	5.64	5.72	5.61
5.6	5.66	5.68	5.58
5.67	5.75	5.75	5.63
5.72	5.75	5.78	5.72
5.82	5.78	5.85	5.78
5.83	5.72	5.83	5.66
5.72	5.72	5.76	5.7
5.68	5.73	5.76	5.67
5.74	5.66	5.75	5.65
5.64	5.65	5.68	5.59
5.66	5.6	5.69	5.57
5.57	5.68	5.7	5.56
5.7	5.74	5.78	5.66
5.78	5.95	5.97	5.76
5.92	5.95	5.95	5.9
5.92	5.92	5.93	5.86
5.86	5.81	5.9	5.78
5.84	5.85	5.85	5.75
5.82	5.87	5.87	5.78
5.75	5.79	5.82	5.71
5.89	5.89	5.9	5.85
5.84	5.82	5.86	5.76
5.86	5.79	5.89	5.79
5.79	5.89	5.9	5.78
5.93	6.03	6.03	5.91
5.98	6.07	6.1	5.94
5.98	5.94	6	5.91
5.93	5.9	5.95	5.87
5.89	5.82	5.96	5.82
5.81	5.83	5.86	5.75
5.79	5.77	5.85	5.75
5.77	5.85	5.89	5.76
5.77	5.95	5.95	5.77
6.1	6.03	6.14	6.02
6.03	6.03	6.06	5.96
6.01	6.05	6.09	6.01
6.07	6	6.08	5.95
5.99	5.99	6	5.95
5.93	5.89	5.96	5.87
5.9	5.78	5.92	5.75
5.8	5.82	5.85	5.78
5.81	5.79	5.84	5.77
5.74	5.77	5.8	5.72
5.77	5.81	5.85	5.74
5.82	5.75	5.85	5.73
5.74	5.79	5.8	5.67
5.79	5.79	5.8	5.76
5.79	5.75	5.8	5.74
5.75	5.8	5.8	5.69
5.74	5.73	5.8	5.71
5.71	5.78	5.79	5.71
5.74	5.77	5.79	5.67
5.74	5.66	5.77	5.64
5.69	5.78	5.78	5.66
5.66	5.59	5.71	5.53
5.54	5.46	5.55	5.45
5.47	5.4	5.49	5.39
5.44	5.42	5.44	5.4
5.38	5.3	5.39	5.29
5.26	5.3	5.35	5.25
5.27	5.24	5.33	5.24
5.35	5.24	5.38	5.22
5.2	5.28	5.34	5.18
5.27	5.28	5.31	5.24
5.31	5.39	5.41	5.25
5.35	5.3	5.44	5.28
5.35	5.48	5.48	5.31
5.44	5.37	5.45	5.35
5.4	5.48	5.48	5.38
5.42	5.4	5.43	5.38
5.39	5.45	5.46	5.37
5.45	5.39	5.46	5.36
5.41	5.45	5.48	5.37
5.46	5.37	5.47	5.35
5.36	5.35	5.39	5.33
5.29	5.18	5.3	5.17
5.19	5.19	5.22	5.15
5.07	5.09	5.11	5.04
5.11	5.05	5.13	5.05
5.03	5.02	5.07	4.98
5.11	5.09	5.16	5.09
5.15	5.18	5.2	5.13
5.12	5.1	5.14	5.07
5.03	4.98	5.05	4.98
4.95	4.9	4.97	4.88
4.95	4.79	4.98	4.79
4.88	4.82	5.02	4.73
4.98	4.98	5.01	4.95
4.97	4.87	4.98	4.85
5.2	5.14	5.22	5.13
5.16	5.1	5.17	5.07
5.05	5.09	5.11	5.03
5.08	5.15	5.17	5.02
5.15	4.98	5.16	4.98
5.08	5.01	5.14	5
5.06	5.05	5.07	4.98
5.13	5.13	5.2	5.1
5.21	5.23	5.24	5.19
5.23	5.21	5.23	5.18
5.18	5.12	5.18	5.07
5.09	5.13	5.16	5.08
5.11	5.04	5.12	5
5	4.97	5.07	4.97
5.01	4.97	5.04	4.95
4.97	4.91	5.01	4.91
4.94	4.85	4.96	4.83
4.86	4.84	4.88	4.82
4.86	4.75	4.87	4.75
4.68	4.59	4.7	4.56
4.61	4.54	4.66	4.54
4.56	4.51	4.62	4.51
4.52	4.52	4.55	4.5
4.55	4.57	4.58	4.53
4.63	4.59	4.64	4.55
4.58	4.6	4.66	4.56
4.62	4.64	4.66	4.6
4.68	4.72	4.72	4.66
4.72	4.77	4.78	4.67
4.75	4.7	4.77	4.7
4.74	4.8	4.81	4.71
4.76	4.77	4.8	4.75
4.83	4.81	4.86	4.8
4.86	4.83	4.87	4.81
4.87	5.03	5.03	4.86
4.99	5.02	5.03	4.96
5.07	5.09	5.15	5.04
5.04	5	5.08	5
5.01	4.98	5.04	4.93
4.98	5.06	5.07	4.96
5.05	5.05	5.08	5.01
5.11	5.08	5.13	5.05
5.04	5.08	5.1	4.98
5.08	5.1	5.12	5.04
5.02	5.05	5.07	4.96
5.07	5.12	5.14	5.03
5.08	5.1	5.14	5.07
5.05	4.99	5.06	4.99
4.94	4.93	4.96	4.91
4.92	4.83	4.94	4.83
4.88	4.76	4.88	4.75
4.83	4.83	4.87	4.76
4.83	4.8	4.85	4.78
4.81	4.85	4.87	4.8
4.91	4.96	4.97	4.85
4.95	5.02	5.05	4.93
5.05	4.97	5.09	4.95
4.9	4.82	4.91	4.82
4.86	4.86	4.92	4.84
4.93	4.91	4.97	4.89
4.94	4.97	4.97	4.9
4.97	4.99	5.02	4.96
5	4.91	5	4.91
4.95	4.91	4.97	4.89
4.85	4.85	4.89	4.8
4.83	4.86	4.88	4.81
4.88	4.86	4.91	4.82
4.8	4.81	4.83	4.76
4.79	4.77	4.85	4.74
4.77	4.75	4.79	4.72
4.81	4.86	4.86	4.77
4.87	4.89	4.89	4.81
4.79	4.73	4.8	4.73
4.73	4.79	4.82	4.72
4.76	4.7	4.8	4.69
4.61	4.6	4.62	4.52
4.55	4.56	4.56	4.5
4.58	4.58	4.62	4.51
4.53	4.61	4.62	4.5
4.61	4.6	4.65	4.58
4.66	4.66	4.7	4.62
4.66	4.63	4.72	4.63
4.61	4.59	4.64	4.58
4.65	4.67	4.7	4.61
4.54	4.68	4.72	4.54
4.62	4.62	4.68	4.58
4.53	4.39	4.56	4.39
4.31	4.39	4.42	4.31
4.43	4.4	4.51	4.39
4.64	4.56	4.65	4.55
4.58	4.53	4.64	4.53
4.51	4.48	4.53	4.42
4.58	4.64	4.69	4.55
4.71	4.75	4.78	4.66
4.73	4.6	4.77	4.59
4.62	4.52	4.63	4.51
4.55	4.56	4.58	4.51
4.47	4.54	4.56	4.46
4.61	4.62	4.66	4.58
4.57	4.61	4.63	4.54
4.49	4.63	4.64	4.48
4.58	4.71	4.71	4.55
4.74	4.68	4.77	4.66
4.65	4.65	4.71	4.63
4.73	4.8	4.84	4.72
4.82	4.82	4.87	4.79
4.89	4.94	5.01	4.88
4.89	4.97	4.98	4.88
4.92	4.94	4.96	4.9
5.02	5.07	5.09	5
5	5.05	5.08	4.98
5.11	5.12	5.15	5.08
5.14	5.11	5.19	5.1
5.15	5.27	5.28	5.13
5.31	5.3	5.36	5.29
5.3	5.36	5.39	5.28
5.36	5.36	5.4	5.34
5.38	5.45	5.45	5.34
5.43	5.42	5.45	5.4
5.39	5.33	5.41	5.31
5.33	5.33	5.38	5.31
5.34	5.25	5.38	5.25
5.29	5.23	5.36	5.22
5.31	5.31	5.37	5.26
5.25	5.23	5.28	5.22
5.16	5.08	5.21	5.08
5.13	5.05	5.17	5.05
5.16	5.2	5.23	5.15
5.2	5.17	5.26	5.16
5.21	5.23	5.27	5.2
5.27	5.28	5.3	5.21
5.32	5.36	5.39	5.31
5.33	5.35	5.38	5.31
5.4	5.35	5.43	5.35
5.4	5.38	5.43	5.35
5.38	5.34	5.46	5.3
5.33	5.31	5.39	5.27
5.36	5.45	5.45	5.35
5.44	5.48	5.52	5.42
5.42	5.43	5.47	5.39
5.48	5.54	5.54	5.42
5.54	5.6	5.62	5.53
5.59	5.54	5.62	5.49
5.54	5.49	5.55	5.48
5.4	5.4	5.45	5.38
5.39	5.39	5.51	5.37
5.34	5.29	5.39	5.29
5.44	5.49	5.51	5.42
5.6	5.49	5.64	5.47
5.47	5.49	5.5	5.44
5.5	5.52	5.57	5.48
5.59	5.57	5.7	5.56
5.63	5.66	5.69	5.59
5.72	5.73	5.78	5.7
5.73	5.62	5.85	5.62
5.57	5.63	5.65	5.56
5.55	5.55	5.65	5.53
5.63	5.69	5.71	5.62
5.68	5.76	5.78	5.63
5.72	5.77	5.82	5.7
5.83	5.83	5.84	5.71
5.83	5.95	5.95	5.78
5.85	5.87	5.87	5.82
5.79	5.75	5.8	5.72
5.78	5.72	5.8	5.68
5.76	5.7	5.78	5.7
5.75	5.8	5.85	5.73
5.7	5.65	5.75	5.63
5.59	5.6	5.67	5.55
5.67	5.78	5.78	5.62
5.73	5.69	5.78	5.68
5.66	5.65	5.8	5.64
5.58	5.62	5.62	5.49
5.59	5.33	5.61	5.3
5.35	5.43	5.43	5.27
5.34	5.36	5.38	5.31
5.27	5.17	5.3	5.17
5.15	5.13	5.22	5.11
5.1	5.05	5.12	5.04
5.24	5.2	5.3	5.2
5.22	5.31	5.33	5.2
5.31	5.39	5.39	5.2
5.44	5.51	5.57	5.42
5.53	5.46	5.54	5.41
5.58	5.53	5.64	5.53
5.56	5.62	5.68	5.52
5.56	5.49	5.65	5.46
5.43	5.42	5.48	5.39
5.42	5.49	5.51	5.37
5.41	5.34	5.51	5.34
5.36	5.39	5.43	5.3
5.5	5.33	5.53	5.31
5.21	5.06	5.3	5.02
5.06	5.08	5.23	5.05
5.14	5.26	5.3	5.11
5.26	5.3	5.31	5.17
5.34	5.45	5.47	5.33
5.45	5.42	5.49	5.36
5.37	5.8	5.8	5.36
5.58	5.6	5.6	5.48
5.38	5.5	5.59	5.37
5.46	5.55	5.64	5.34
5.52	5.55	5.62	5.46
5.79	5.77	5.83	5.7
5.92	5.95	5.99	5.82
6.02	6.15	6.2	6
6.11	6.26	6.26	6.08
6.18	6.2	6.23	6.13
6.22	6.26	6.27	6.2
6.22	6.22	6.28	6.17
6.21	6.27	6.3	6.17
6.32	6.42	6.48	6.29
6.37	6.38	6.41	6.29
6.41	6.36	6.43	6.35
6.32	6.37	6.38	6.28
6.34	6.41	6.41	6.33
6.33	6.31	6.37	6.28
6.31	6.28	6.32	6.21
6.33	6.38	6.4	6.28
6.29	6.36	6.44	6.27
6.35	6.35	6.39	6.29
6.26	6.28	6.38	6.2
6.28	6.38	6.41	6.25
6.46	6.5	6.51	6.41
6.53	6.5	6.6	6.48
6.5	6.52	6.54	6.43
6.56	6.58	6.58	6.47
6.52	6.58	6.58	6.47
6.54	6.52	6.6	6.47
6.5	6.44	6.51	6.38
6.48	6.54	6.57	6.41
6.5	6.63	6.63	6.43
6.58	6.5	6.64	6.49
6.52	6.44	6.62	6.42
6.37	6.25	6.54	6.16
6.39	6.6	6.61	6.1
6.8	6.98	6.98	6.72
6.85	7.1	7.16	6.69
7.05	7.07	7.12	6.99
7.06	7.13	7.13	6.96
7.08	6.88	7.14	6.88
6.93	7.12	7.15	6.78
7.09	7.28	7.28	7.02
7.28	7.44	7.46	7.26
7.37	7.4	7.45	7.31
7.4	7.33	7.46	7.27
7.64	7.55	7.66	7.52
7.54	7.59	7.67	7.47
7.48	7.5	7.52	7.43
7.52	7.43	7.58	7.37
7.45	7.65	7.65	7.45
7.59	7.68	7.69	7.56
7.76	7.69	7.78	7.57
7.68	7.7	7.74	7.6
7.63	7.75	7.83	7.6
7.74	7.86	7.92	7.73
7.89	7.76	7.91	7.7
7.79	7.98	7.98	7.73
7.91	7.85	7.96	7.69
7.79	7.71	7.8	7.63
7.78	7.79	7.81	7.69
7.82	7.72	7.91	7.62
7.79	7.55	7.79	7.48
7.65	7.98	7.98	7.52
7.94	7.89	7.97	7.83
7.91	7.9	7.96	7.84
7.72	7.66	7.72	7.63
7.58	7.6	7.6	7.52
7.57	7.57	7.64	7.51
7.53	7.44	7.55	7.37
7.39	7.5	7.5	7.3
7.44	7.37	7.47	7.26
7.31	7.47	7.47	7.26
7.35	7.4	7.47	7.32
7.3	7.37	7.37	7.28
7.37	7.45	7.49	7.33
7.38	7.34	7.41	7.29
7.28	7.32	7.38	7.25
7.39	7.39	7.57	7.31
7.4	7.66	7.7	7.34
7.59	7.6	7.66	7.55
7.55	7.61	7.68	7.53
7.69	7.76	7.76	7.62
7.76	7.69	7.85	7.62
7.62	7.61	7.74	7.6
7.61	7.65	7.66	7.46
7.63	7.78	7.85	7.58
7.69	7.78	7.85	7.63
7.76	7.5	7.79	7.5
7.45	7.8	7.85	7.36
7.61	7.82	7.93	7.6
7.8	7.76	7.84	7.7
7.84	7.5	7.86	7.47
7.51	7.6	7.73	7.48
7.65	7.11	7.66	7.11
7.1	7.12	7.13	6.97
7.02	7	7.19	6.95
6.89	6.68	6.9	6.65
6.56	6.52	6.57	6.49
6.49	6.45	6.5	6.44
6.44	6.54	6.54	6.43
6.42	6.45	6.49	6.4
6.31	6.35	6.4	6.31
6.38	6.34	6.41	6.32
6.37	6.36	6.4	6.33
6.38	6.44	6.46	6.33
6.47	6.48	6.5	6.42
6.48	6.42	6.5	6.41
6.47	6.47	6.48	6.43
6.43	6.39	6.45	6.36
6.36	6.4	6.42	6.31
6.36	6.35	6.38	6.31
6.33	6.3	6.39	6.29
6.28	6.14	6.35	6.14
6.16	6.2	6.26	6.14
6.2	6.24	6.26	6.18
6.27	6.15	6.31	6.12
6.19	6.16	6.22	6.16
6.19	6.24	6.27	6.18
6.26	6.3	6.34	6.25
6.35	6.52	6.52	6.31
6.48	6.53	6.53	6.44
6.45	6.5	6.5	6.44
6.49	6.39	6.51	6.39
6.42	6.48	6.48	6.41
6.45	6.48	6.48	6.43
6.45	6.42	6.47	6.37
6.44	6.45	6.46	6.41
6.44	6.39	6.45	6.39
6.41	6.42	6.44	6.39
6.41	6.4	6.42	6.37
6.34	6.28	6.36	6.24
6.23	6.32	6.34	6.21
6.29	6.27	6.34	6.26
6.3	6.26	6.33	6.25
6.31	6.39	6.39	6.28
6.39	6.5	6.5	6.36
6.27	6.28	6.31	6.25
6.24	6.15	6.24	6.15
6.16	6.2	6.2	6.13
6.23	6.3	6.32	6.21
6.25	6.25	6.32	6.2
6.35	6.29	6.41	6.28
6.29	6.45	6.47	6.28
6.43	6.5	6.5	6.42
6.49	6.5	6.53	6.45
6.42	6.4	6.46	6.38
6.37	6.28	6.4	6.26
6.25	6.16	6.26	6.14
6.14	6.32	6.33	6.06
6.2	6.2	6.2	6.2
6.38	6.4	6.44	6.37
6.45	6.4	6.49	6.32
6.39	6.45	6.5	6.38
6.41	6.31	6.46	6.31
6.4	6.46	6.46	6.33
6.45	6.49	6.54	6.45
6.45	6.54	6.54	6.42
6.48	6.44	6.5	6.37
6.43	6.51	6.51	6.42
6.52	6.48	6.62	6.45
6.5	6.42	6.5	6.39
6.37	6.3	6.38	6.3
6.28	6.38	6.39	6.25
6.37	6.36	6.42	6.31
6.17	6.19	6.25	6.15
6.22	6.37	6.37	6.17
6.33	6.15	6.37	6.13
6.12	6.13	6.18	6.08
6.06	6.16	6.16	6
6.07	6.02	6.13	5.97
5.98	6	6.03	5.92
6.02	5.93	6.02	5.91
6	6.1	6.15	6
6.07	6	6.1	5.96
6.11	6.04	6.18	5.97
6.06	6.37	6.37	6.01
6.41	6.25	6.42	6.21
6.17	6.07	6.27	6.04
5.99	5.92	6	5.87
5.85	5.94	6.01	5.79
5.87	5.72	5.89	5.71
5.73	5.81	5.85	5.71
5.88	5.8	5.92	5.77
5.8	5.87	5.88	5.78
5.84	5.71	5.84	5.71
5.73	5.69	5.76	5.69
5.72	5.71	5.75	5.66
5.6	5.58	5.63	5.55
5.58	5.61	5.61	5.55
5.59	5.6	5.65	5.57
5.63	5.7	5.72	5.61
5.68	5.79	5.8	5.66
5.78	5.8	5.8	5.75
5.77	5.74	5.8	5.73
5.72	5.74	5.77	5.71
5.72	5.74	5.79	5.71
5.69	5.77	5.79	5.69
5.65	5.67	5.78	5.63
5.7	5.68	5.72	5.65
5.72	5.78	5.78	5.67
5.76	5.8	5.81	5.75
5.74	5.8	5.81	5.7
5.78	5.78	5.8	5.71
5.72	5.78	5.78	5.66
5.75	5.74	5.79	5.73
5.69	5.57	5.72	5.56
5.55	5.61	5.61	5.53
5.59	5.54	5.63	5.53
5.63	5.6	5.64	5.59
5.61	5.54	5.63	5.53
5.53	5.5	5.57	5.5
5.53	5.55	5.58	5.51
5.51	5.48	5.57	5.48
5.51	5.48	5.55	5.47
5.56	5.54	5.58	5.48
5.49	5.51	5.6	5.47
5.5	5.45	5.53	5.43
5.49	5.52	5.55	5.48
5.58	5.5	5.6	5.5
5.49	5.5	5.53	5.46
5.54	5.47	5.57	5.47
5.51	5.46	5.54	5.42
5.46	5.35	5.5	5.34
5.44	5.52	5.52	5.43
5.52	5.57	5.6	5.5
5.63	5.56	5.65	5.56
5.64	5.73	5.76	5.62
5.7	5.59	5.7	5.59
5.62	5.62	5.68	5.6
5.63	5.67	5.68	5.61
5.71	5.75	5.77	5.7
5.73	5.78	5.78	5.69
5.81	5.77	5.83	5.77
5.7	5.7	5.78	5.69
5.72	5.7	5.74	5.7
5.78	5.79	5.81	5.73
5.79	5.83	5.84	5.75
5.81	5.88	5.89	5.8
5.95	5.99	5.99	5.92
5.95	5.98	5.98	5.87
5.92	5.87	5.98	5.86
5.91	5.73	5.92	5.7
5.68	5.7	5.7	5.63
5.71	5.74	5.75	5.68
5.76	5.77	5.81	5.72
5.77	5.87	5.88	5.74
5.84	5.9	5.94	5.82
5.91	5.91	5.94	5.89
5.92	5.85	5.93	5.83
5.89	5.86	5.9	5.84
5.83	5.91	5.91	5.8
5.88	5.92	5.92	5.85
5.88	5.93	5.93	5.82
5.86	5.91	5.91	5.82
5.91	5.94	5.94	5.89
5.88	5.97	5.97	5.87
5.95	5.92	5.96	5.86
5.9	5.91	5.91	5.85
5.9	5.87	5.91	5.81
5.78	5.81	5.82	5.73
5.82	5.88	5.88	5.81
5.88	5.89	5.89	5.82
5.89	5.97	5.97	5.85
5.94	5.99	5.99	5.93
5.92	5.96	5.97	5.9
5.98	5.99	6	5.94
5.96	5.95	5.98	5.93
5.93	5.89	5.95	5.88
5.9	5.83	5.94	5.83
5.82	5.82	5.84	5.78
5.79	5.79	5.8	5.75
5.74	5.68	5.75	5.67
5.68	5.63	5.69	5.58
5.58	5.62	5.62	5.55
5.58	5.57	5.58	5.51
5.57	5.61	5.61	5.53
5.58	5.57	5.63	5.56
5.58	5.63	5.64	5.58
5.58	5.58	5.62	5.57
5.56	5.57	5.59	5.51
5.57	5.6	5.6	5.53
5.56	5.65	5.65	5.53
5.64	5.69	5.69	5.62
5.62	5.63	5.65	5.6
5.64	5.67	5.67	5.62
5.61	5.6	5.64	5.58
5.6	5.55	5.62	5.52
5.86	5.83	5.87	5.8
5.83	5.84	5.85	5.81
5.84	5.79	5.84	5.75
5.74	5.75	5.77	5.71
5.75	5.76	5.81	5.73
5.72	5.81	5.88	5.72
5.85	5.86	5.88	5.83
5.83	5.82	5.86	5.81
5.77	5.75	5.85	5.75
5.79	5.82	5.83	5.75
5.83	5.85	5.87	5.81
5.87	5.76	5.88	5.76
5.8	5.79	5.81	5.74
5.82	5.84	5.85	5.79
5.83	5.8	5.84	5.75
5.77	5.71	5.78	5.7
5.69	5.8	5.8	5.68
5.77	5.76	5.78	5.71
5.78	5.8	5.8	5.75
5.79	5.78	5.8	5.74
5.69	5.67	5.73	5.67
5.68	5.71	5.72	5.65
5.68	5.64	5.7	5.6
5.6	5.64	5.64	5.58
5.62	5.64	5.65	5.58
5.62	5.65	5.65	5.61
5.61	5.58	5.65	5.55
5.53	5.45	5.55	5.44
5.46	5.49	5.53	5.44
5.5	5.54	5.54	5.43
5.51	5.48	5.52	5.44
5.51	5.52	5.54	5.45
5.5	5.43	5.53	5.39
5.39	5.44	5.44	5.38
5.39	5.3	5.44	5.27
5.3	5.3	5.33	5.28
5.33	5.28	5.38	5.28
5.27	5.28	5.34	5.25
5.33	5.32	5.37	5.28
5.32	5.35	5.38	5.31
5.35	5.38	5.39	5.31
5.4	5.32	5.4	5.3
5.32	5.32	5.36	5.31